0.44336352
0.48632803
-0.07024758
-0.64108214
-0.97592912
-0.89945368
-0.83259744
-0.35143360
0.15008498
0.81934292
0.99997774
0.95275610
0.51836481
0.21098619
-0.32071934
-0.86839640
-0.99996380
-0.90320976
-0.62302424
-0.20980615
0.06925119
0.65543587
0.92405792
0.86244703
0.59912232
0.31349398
-0.49931867
-0.86119838
-0.91226025
-0.86551558
-0.79279449
-0.09514114
0.16161354
0.81837916
0.95521202
0.98416334
0.64851487
-0.08465397
-0.39378799
-0.64854601
-0.99578277
-0.87367175
-0.59260897
-0.44609249
0.43798247
0.84678400
0.95062075
0.97789813
0.78752414
0.18609236
-0.51941796
-0.77295916
-0.99019907
-0.95639566
-0.81855943
-0.12695439
0.26865319
0.86981042
0.99494117
0.83343685
0.50996482
0.32704351
-0.23812596
-0.56071189
-0.99944919
-0.98381827
-0.86216573
-0.39281764
0.32338562
0.51748455
0.99981515
0.84269864
0.78387896
0.49279077
-0.29971148
-0.79105130
-0.96067830
-0.83362098
-0.65744968
-0.21644248
0.23850593
0.84661350
0.92745698
0.93986279
0.65369034
0.05441861
-0.27061305
-0.71174704
-0.99981375
-0.98914520
-0.61890803
0.05938428
0.05873569
0.64140641
0.99638259
0.82614387
0.74212645
0.35246918
-0.37715853
-0.82708320
-0.90574291
-0.99326139
-0.48293307
0.06622380
0.30365531
0.69668620
0.97719387
0.83518143
0.84599150
0.25976295
-0.25684531
-0.88523383
-0.86999043
-0.96133275
-0.41049618
-0.42193257
0.42759006
0.89522540
0.87667033
0.99457844
0.61569608
0.44837500
-0.52791730
-0.60009190
-0.87872509
-0.95932923
-0.84112498
-0.26897920
0.11664755
0.84448524
0.87037334
0.99909758
0.53934432
0.04574317
-0.51694265
-0.78533152
-0.99943809
-0.81642055
-0.81982390
-0.04916353
0.35819414
0.78200989
0.99092415
0.86332757
0.74816403
0.42782929
-0.15454845
-0.88409081
-0.99868836
-0.98776143
-0.56421647
-0.37108418
0.51760796
0.81687135
0.91970385
0.97181113
0.74192395
0.16457928
-0.01788986
-0.84805567
-0.99880628
-0.87795438
-0.59633504
-0.33002100
0.30192028
0.90757767
0.86755647
0.98132624
0.60965710
0.24716397
-0.23579818
-0.85520144
-0.99533912
-0.93084880
-0.58040383
-0.21725083
0.24711399
0.69978520
0.99929128
0.89569751
0.61257511
-0.02108277
-0.26750945
-0.61374355
-0.87561488
-0.97939648
-0.74634638
-0.41142036
0.52198571
0.54904717
0.98838220
0.96714844
0.81854732
0.25900628
-0.10096901
-0.74681393
-0.95877667
-0.95926861
